代码中需要存储迷宫的信息，迷宫每一格信息存储如下：
0：不能走
1：空的
2：怪
3：箱子
4：有刺
5：没刺
6：箱子+有刺
7：箱子+没刺
8：怪+没刺

上下左右四种操作对应的数字如下：
0：上
1：下
2：左
3：右

以下为一些关卡用到的输入以及解答：
7
0 0 0 0 1 1 0
0 1 1 2 1 1 0
0 1 2 1 2 0 0
1 1 0 0 0 0 0
1 3 1 1 3 1 0
1 3 1 3 1 1 0
0 0 0 0 0 0 0
1 6
0
1
6 7
左 下 左 左 左 左 左 左 下 下 左 下 下 右 右 上 上 右 右 右 右 下 右

7
0 1 1 1 1 0 0
0 2 0 4 4 1 1
1 4 0 0 6 6 3
1 1 0 0 1 4 1
1 1 0 0 1 2 1
0 0 0 0 0 1 2
0 0 0 0 0 0 0
5 1
0
0
6 5
上 上 右 上 上 上 上 右 右 右 下 右 右 下 下 下 下 左 左 下

8
0 0 0 0 0 0 1 0
0 0 0 0 0 0 1 0
0 0 1 4 4 1 1 1
0 0 4 0 4 0 1 1
0 0 1 1 2 4 4 0
1 0 4 0 4 0 1 0
1 1 1 1 1 2 1 0
0 0 0 0 0 0 0 0
3 8
1
6 1
2 7
0
1 6
左 左 左 左 左 下 下 下 下 左 左 上 下 右 右 右 右 右 右 右 右 上 上 上 上 上 上

8
1 0 1 1 3 0 0 0
1 3 4 6 1 1 1 0
3 1 3 1 3 3 1 0
1 3 1 3 1 3 3 1
0 1 3 1 3 1 0 0
0 0 0 0 0 0 0 0
0 0 0 0 0 0 0 0
0 0 0 0 0 0 0 0
1 1
1
1 3
2 6
0
3 8
下 下 下 右 下 下 右 右 右 上 左 左 上 上 右 下 下 右 右 右 下

7
0 0 0 1 0 0 0
0 0 1 1 3 1 0
1 0 5 1 3 1 0
1 0 1 5 1 5 0
2 0 3 3 3 3 0
5 1 5 1 1 5 0
0 0 0 0 0 1 0
3 1
1
7 6
2 4
1
1 5
下 下 下 下 右 右 上 右 右 右 下 上 左 上 上 左 左 上 上 上 上

8
0 1 1 1 0 0 0 0
0 3 3 3 0 0 0 0
1 1 1 1 0 0 0 0
0 5 7 1 1 0 0 0
0 2 0 3 3 1 1 0
0 1 1 3 1 2 0 0
0 0 0 0 1 3 1 0
0 0 0 0 1 0 0 0
1 3
1
3 4
7 5
1
8 6
左 下 右 右 下 下 左 左 下 左 左 下 右 下 右 右 右 上 上 左 左 下 下 下 下 右 右 右 上 上 右 右 右 右 下 下 左 左 下 下

7
0 0 0 0 1 0 0
0 0 0 1 1 1 0
1 1 0 3 3 3 0
2 3 1 2 3 1 0
1 0 2 1 1 1 0
4 0 0 5 0 0 0
5 4 5 4 0 0 0
5 6
1
3 2
2 5
1
1 4
上 上 下 左 左 上 上 右 下 下 下 左 左 左 上 上 上 上 右 右 右 上 下 右 右 右 上 上 右 右 上 上

9
0 0 0 0 0 0 0 0 0
0 0 0 1 1 1 0 0 0
0 0 0 3 1 3 0 0 0
0 3 0 3 1 1 0 1 0
3 1 1 3 3 3 1 1 1
1 3 3 3 1 1 3 3 1
0 1 1 3 1 1 3 1 0
0 0 0 0 0 0 0 0 0
0 0 0 0 0 0 0 0 0
7 2
1
5 9
3 5
1
1 5
右 上 上 右 右 右 右 下 右 右 左 上 上 上 右 右 右 右 下 下 右 右 上 上 右 左 左 左 上 上 上 左 上